0 276 3 0 ms
1 396 3 11 ms 0 h
2 696 3 6 ms 0 h
3 1104 4 5 ms 0 h
4 1872 4 3 ms 0 h
5 3770 4 3 ms 0 h
6 3790 4 4 ms 0 h
7 3050 4 7 ms 0 h
8 2716 4 3 ms 0 h
9 2772 4 3 ms 0 h
10 5964 4 4 ms 0 h
11 10164 5 3 ms 0 h
12 19628 5 3 ms 0 h
13 19684 5 5 ms 0 h
14 22876 5 3 ms 0 h
15 26404 5 3 ms 0 h
16 30044 5 3 ms 0 h
17 33796 5 3 ms 0 h
18 38780 5 3 ms 0 h
19 54628 5 6 ms 0 h
20 54684 5 3 ms 0 h
21 111300 6 3 ms 0 h
22 263676 6 3 ms 0 h
23 465668 6 3 ms 0 h
24 465724 6 6 ms 0 h
25 465780 6 2 ms 0 h
26 1026060 7 4 ms 0 h
27 2325540 7 2 ms 0 h
28 5335260 7 3 ms 0 h
29 11738916 8 3 ms 0 h
30 23117724 8 3 ms 0 h
31 45956820 8 4 ms 0 h
32 121129260 9 3 ms 0 h
33 266485716 9 3 ms 0 h
34 558454764 9 9 ms 0 h
35 1092873236 10 3 ms 0 h
36 1470806764 10 3 ms 0 h
37 1471882804 10 3 ms 0 h
38 1642613196 10 3 ms 0 h
39 2737688884 10 3 ms 0 h
40 2740114636 10 4 ms 0 h
41 2791337780 10 3 ms 0 h
42 4946860492 10 3 ms 0 h
43 4946860548 10 4 ms 0 h
44 9344070652 10 9 ms 0 h
45 9344070708 10 3 ms 0 h
46 15573451404 11 3 ms 0 h
47 27078171764 11 4 ms 0 h
48 27284104204 11 3 ms 0 h
49 27410152084 11 3 ms 0 h
50 27410152140 11 3 ms 0 h
51 76787720100 11 59 ms 0 h
52 220578719452 12 4 ms 0 h
53 254903331620 12 3 ms 0 h
54 361672366300 12 2 ms 0 h
55 603062136740 12 3 ms 0 h
56 921203207260 12 3 ms 0 h
57 1381419996068 13 3 ms 0 h
58 1395444575644 13 3 ms 0 h
59 1395478688996 13 2 ms 0 h
60 1395546402460 13 3 ms 0 h
61 2069258468900 13 3 ms 0 h
62 3065057872156 13 3 ms 0 h
63 3277068463844 13 2 ms 0 h
64 3429776547484 13 5 ms 0 h
65 3597527970596 13 3 ms 0 h
66 4028517592540 13 3 ms 0 h
67 5641400009252 13 3 ms 0 h
68 5641400009308 13 6 ms 0 h
69 5641400009364 13 4 ms 0 h
70 9709348326636 13 3 ms 0 h
71 16331909651988 14 4 ms 0 h
72 31948891146732 14 3 ms 0 h
73 54770416120644 14 4 ms 0 h
74 100509779504316 15 3 ms 0 h
75 208751080955844 15 3 ms 0 h
76 388416032284476 15 3 ms 0 h
77 749365894850244 15 6 ms 0 h
78 1414070378301756 16 3 ms 0 h
79 2556878765995204 16 3 ms 0 h
80 2556878765995260 16 4 ms 0 h
81 6726041614128900 16 4 ms 0 h
82 15626498692840700 17 4 ms 0 h
83 23762659088671300 17 4 ms 0 h
84 35168735451235260 17 4 ms 0 h
85 78257359358590020 17 3 ms 0 h
86 186897487211247036 18 4 ms 0 h
87 340813223900632644 18 5 ms 0 h
88 592585414385033916 18 27 ms 0 h
89 1326583294186844484 19 4 ms 0 h
90 2594892903616159356 19 3 ms 0 h
91 4946738730471899844 19 3 ms 0 h
92 8244565422068579772 19 8 ms 0 h
93 13740942370114299844 20 3 ms 0 h
94 13780400058385352252 20 3 ms 0 h
95 13780400058385352308 20 4 ms 0 h
96 14272557426581383244 20 8 ms 0 h
97 14272557426581383300 20 4 ms 0 h
98 21155073391000330684 20 3 ms 0 h
99 21374326697892540932 20 4 ms 0 h
100 22138822441861473292 20 4 ms 0 h
101 23780027782003162628 20 4 ms 0 h
102 27022045182026917372 20 3 ms 0 h
103 29800418252165873732 20 3 ms 0 h
104 30868734601205564812 20 5 ms 0 h
105 30868743536688997492 20 4 ms 0 h
106 31506186871079789708 20 3 ms 0 h
107 33685079263470335092 20 3 ms 0 h
108 37869561159553616108 20 4 ms 0 h
109 44810700265393440532 20 4 ms 0 h
110 52967010256293285740 20 4 ms 0 h
111 77368308005658962068 20 5 ms 0 h
112 77526798761623418732 20 2 ms 0 h
113 81730869595023949972 20 4 ms 0 h
114 81812211224085690348 20 5 ms 0 h
115 174495211883566827540 21 5 ms 0 h
116 383889841278567188460 21 4 ms 0 h
117 851420485964196743700 21 4 ms 0 h
118 2133148752623068133100 22 4 ms 0 h
119 4920463122717210500628 22 4 ms 0 h
120 9659030418601945179372 22 4 ms 0 h
121 19140499834691254267668 23 4 ms 0 h
122 31900833057818757113004 23 4 ms 0 h
123 60928733769254068230996 23 4 ms 0 h
124 101554467127566656249004 24 9 ms 0 h
125 169306878754562576009556 24 4 ms 0 h
126 282178131257604293349484 24 6 ms 0 h
127 346582424991772739637140 24 34 ms 0 h
128 552686316482422494409324 24 4 ms 0 h
129 553006807242922594628276 24 3 ms 0 h
130 553006807242922594628332 24 6 ms 0 h
131 745066162268420486024468 24 3 ms 0 h
132 924149581555915804645612 24 4 ms 0 h
133 1030930414683877487950100 25 6 ms 0 h
134 1548402743187147675019948 25 3 ms 0 h
135 1556743133307121749640532 25 4 ms 0 h
136 1577787502224052298513068 25 3 ms 0 h
137 1582572215193662075638612 25 4 ms 0 h
138 1589498132984443966586092 25 4 ms 0 h
139 1590495621615121371199252 25 4 ms 0 h
140 1590495621615121371199308 25 4 ms 0 h
141 3165825721641610359961524 25 4 ms 0 h
142 5439160993577216573757516 25 3 ms 0 h
143 9094335325223841693890484 25 12 ms 0 h
144 15157230558475091017656396 26 6 ms 0 h
145 25262054784543950755312308 26 6 ms 0 h
146 42103870796501457502772556 26 4 ms 0 h
147 79735851023790348821279412 26 4 ms 0 h
148 150612163044937325551306284 27 4 ms 0 h
149 260967610736480493226889172 27 4 ms 0 h
150 518713399118189622339872908 27 4 ms 0 h
151 518714199745311696881477492 27 12 ms 0 h
152 654258740209060303157109388 27 4 ms 0 h
153 681126209842032340451699060 27 7 ms 0 h
154 1079698965278713079688711820 28 4 ms 0 h
155 1581613078886999490489590132 28 12 ms 0 h
156 1581679426659219906649167628 28 11 ms 0 h
157 1825045749999763720560245492 28 12 ms 0 h
158 1825045749999763720560245548 28 5 ms 0 h
159 2108781705291818107025846420 28 5 ms 0 h
160 2953420227772346876861942380 28 4 ms 0 h
161 4551741764228887851349251476 28 13 ms 0 h
162 4551741904859057806657240684 28 84 ms 0 h
163 5096060041334733042950971796 28 12 ms 0 h
164 5649489866492612968043193964 28 5 ms 0 h
165 5887010185316502016232774036 28 4 ms 0 h
166 5995196449104393244473339244 28 4 ms 0 h
167 6364665513610978272564740756 28 3 ms 0 h
168 6907998578872301297323351996 28 9 ms 0 h
169 7165455981799192761913565252 28 5 ms 0 h
170 7421365124006306789124764410 28 6 ms 0 h
171 9039664938664952483187163910 28 4 ms 0 h
172 9907082921997761939794888762 28 6 ms 0 h
173 4972741824053642047419709382 28 3 ms 0 h
174 3002979522416636673862318138 28 3 ms 0 h
175 2017580654767303099974836102 28 4 ms 0 h
176 1244903628049157597879498458 28 4 ms 0 h
177 623066682461218158965052794 27 4 ms 0 h
178 405777360866142189963875206 27 4 ms 0 h
179 202889844548768693396236514 27 5 ms 0 h
180 101606031252269789802711286 27 12 ms 0 h
181 67143052421186726696047754 26 3 ms 0 h
182 43198943988504452720173366 26 6 ms 0 h
183 21599471994252226360086686 26 5 ms 0 h
184 10816978790096511444838834 26 4 ms 0 h
185 5485387348532354145013694 25 5 ms 0 h
186 2768981488884442533892738 25 10 ms 0 h
187 1398472195038618082352702 25 4 ms 0 h
188 699236131712763811114210 24 10 ms 0 h
189 559388905370211048891386 24 5 ms 0 h
190 283827414785478646363654 24 4 ms 0 h
191 141913707448505436752666 24 12 ms 0 h
192 71400147472407854315494 23 4 ms 0 h
193 35700073736203927157750 23 4 ms 0 h
194 31130464297969824482026 23 4 ms 0 h
195 19009096338287301141014 23 4 ms 0 h
196 14159837068316050850110 23 4 ms 0 h
197 12571997906954418820802 23 3 ms 0 h
198 6285998988669487378810 22 10 ms 0 h
199 5454943422324195356294 22 3 ms 0 h
200 2790456740340877466506 22 4 ms 0 h
201 1457701282267622557334 22 4 ms 0 h
202 897048352357745259034 21 5 ms 0 h
203 656196521385769303526 21 3 ms 0 h
204 396888491364473068234 21 4 ms 0 h
205 199746943137480976634 21 4 ms 0 h
206 99880335882120220666 20 3 ms 0 h
207 50234510777647892474 20 29 ms 0 h
208 26945691124359625126 20 3 ms 0 h
209 14458663530144189218 20 4 ms 0 h
210 7340164972251152542 19 3 ms 0 h
211 3670124810930050034 19 4 ms 0 h
212 1835071441429279546 19 4 ms 0 h
213 942846375846699854 18 3 ms 0 h
214 471423474026782474 18 5 ms 0 h
215 236811480731962646 18 3 ms 0 h
216 118405740365981326 18 3 ms 0 h
217 82353931824546674 17 3 ms 0 h
218 42925688895782926 17 3 ms 0 h
219 22463722849940594 17 2 ms 0 h
220 11314246716597226 17 3 ms 0 h
221 5661691263371894 16 3 ms 0 h
222 2878004590437226 16 2 ms 0 h
223 1693343540584670 16 3 ms 0 h
224 1589275287904162 16 3 ms 0 h
225 871538061108830 15 3 ms 0 h
226 702242488860754 15 4 ms 0 h
227 351121244430380 15 3 ms 0 h
228 391877606083540 15 3 ms 0 h
229 438317541267260 15 3 ms 0 h
230 482149295394028 15 3 ms 0 h
231 361612130023764 15 3 ms 0 h
232 597027851665164 15 3 ms 0 h
233 921384496381612 15 3 ms 0 h
234 696795495203860 15 3 ms 0 h
235 879034317026996 15 3 ms 0 h
236 884694649408216 15 3 ms 0 h
237 775090807921784 15 2 ms 0 h
238 712021130450056 15 3 ms 0 h
239 854975179811384 15 3 ms 0 h
240 748351916766616 15 3 ms 0 h
241 654814092390584 15 3 ms 0 h
242 748358962732216 15 3 ms 0 h
243 782375279220224 15 4 ms 0 h
244 780847202504020 15 3 ms 0 h
245 934016369235116 15 3 ms 0 h
246 710873234904148 15 3 ms 0 h
247 564356396042732 15 3 ms 0 h
248 433081612271428 15 3 ms 0 h
249 335193302648952 15 3 ms 0 h
250 727888957344648 15 3 ms 0 h
251 1595369225340792 16 28 ms 0 h
252 3279391982617608 16 4 ms 0 h
253 7155037053016632 16 3 ms 0 h
254 13828485073654368 17 3 ms 0 h
255 28896026886410112 17 5 ms 0 h
256 71055926805172608 17 5 ms 0 h
257 149143429700486832 18 3 ms 0 h
258 265875276034820688 18 3 ms 0 h
259 427249219672520112 18 3 ms 0 h
260 834184766415602768 18 3 ms 0 h
261 782048234963357392 18 7 ms 0 h
262 738011867377903088 18 3 ms 0 h
263 691886125666784176 18 4 ms 0 h
264 648644406422496624 18 3 ms 0 h
265 1479184104126684816 19 6 ms 0 h
266 3257516661242396784 19 4 ms 0 h
267 7234225312629230736 19 3 ms 0 h
268 11628977650089370032 20 4 ms 0 h
269 27264500678369725008 20 4 ms 0 h
270 53440893025646196144 20 4 ms 0 h
271 85012628422026731856 20 3 ms 0 h
272 134603328334875658896 21 3 ms 0 h
273 244734548975059612272 21 14 ms 0 h
274 402199413819477817872 21 3 ms 0 h
275 785246474599932883504 21 4 ms 0 h
276 736168570522608159816 21 11 ms 0 h
277 1271563896960403853304 22 10 ms 0 h
278 1907345850701654883336 22 10 ms 0 h
279 3141834504720954194424 22 7 ms 0 h
280 4925037872265279550296 22 3 ms 0 h
281 7598000146307685006504 22 3 ms 0 h
282 11397000229145247084216 23 11 ms 0 h
283 18595105637026455770184 23 4 ms 0 h
284 39608058247463700252216 23 4 ms 0 h
285 83340715627030675289544 23 3 ms 0 h
286 142373725915063060070676 24 11 ms 0 h
287 226909695056243891711724 24 4 ms 0 h
288 374170325681435313561876 24 3 ms 0 h
289 572239603038778510710348 24 5 ms 0 h
290 959342899661463488649732 24 10 ms 0 h
291 1465662763994860702381948 25 11 ms 0 h
292 1212340187849780753237252 25 3 ms 0 h
293 909543707438192496288148 24 5 ms 0 h
294 685638601278146427461972 24 3 ms 0 h
295 566397796352409662167084 24 6 ms 0 h
296 425199901469616526376916 24 3 ms 0 h
297 761967914599398276616684 24 4 ms 0 h
298 571499425720904406540180 24 3 ms 0 h
299 1034353382886867475602924 25 10 ms 0 h
300 1654416691311454186253076 25 11 ms 0 h
301 2671787875048957622629824 25 4 ms 0 h
302 4511184470104206208749696 25 4 ms 0 h
303 8951011469809387550864304 25 6 ms 0 h
304 14969795044336389524725056 26 5 ms 0 h
305 30196746655589376384154944 26 4 ms 0 h
306 49700959076369542014153024 26 27 ms 0 h
307 104817590582640725588995776 27 4 ms 0 h
308 172512366335132559591739200 27 8 ms 0 h
309 394113402743977579492036800 27 5 ms 0 h
310 1063007045504742723616745280 28 10 ms 0 h
311 2975511329076319886749897920 28 12 ms 0 h
312 6471737140740995753681031024 28 5 ms 0 h
313 11800507429706023344513135120 29 4 ms 0 h
314 34438785213499859605859831280 29 16 ms 0 h
315 90294112113692329217512752720 29 4 ms 0 h
316 237136573992791367504754158000 30 7 ms 0 h
317 652212689874704224813893110064 30 5 ms 0 h
318 1105925865668886660163147320528 31 44 ms 0 h
319 1751049287314879524176082400240 31 40 ms 0 h
320 2469543050222749223043629599760 31 3 ms 0 h
321 4235551663126064639154310577056 31 15 ms 0 h
322 5457681078123561729316230653024 31 4 ms 0 h
323 8002849657825415035776203652064 31 7 ms 0 h
324 10423962257526429471157166195936 32 4 ms 0 h
325 13060294238569659693163927247488 32 6 ms 0 h
326 19383029403957774934828637101952 32 9 ms 0 h
327 19392775272312294548458720388848 32 6 ms 0 h
328 18182691232912974260450572953872 32 5 ms 0 h
329 18261066174780647877039019368328 32 39 ms 0 h
330 15999739374045520977517697143352 32 5 ms 0 h
331 15471669549605462954487341810248 32 5 ms 0 h
332 13576907531543687904575889181112 32 11 ms 0 h
333 12471812391678424516517782015048 32 12 ms 0 h
334 11566250591014108916558150355752 32 4 ms 0 h
335 10396109974652769570550941068248 32 7 ms 0 h
336 9487427258239616870074902771752 31 4 ms 0 h
337 9429095567735647013731369822168 31 7 ms 0 h
338 9623813878464401130732886177832 31 4 ms 0 h
339 8608720171974109067641126553368 31 5 ms 0 h
340 7545158838852255554009649732632 31 7 ms 0 h
341 7915991849108448061620793904008 31 5 ms 0 h
342 8912329950193886344339404495992 31 13 ms 0 h
343 7798288751749519123485471898048 31 50 ms 0 h
344 7905513111974848048054406510144 31 4 ms 0 h
345 10023061268033391764600250438016 32 48 ms 0 h
346 10004007785467119089231713327064 32 6 ms 0 h
347 8805757714570531751049355672936 31 11 ms 0 h
348 7705040025340209951290033331164 31 10 ms 0 h
349 5968692977380453481337597593764 31 40 ms 0 h
350 4476519761790946952433965793420 31 53 ms 0 h
351 8717443337530638204606555622260 31 7 ms 0 h
352 15736309456141005900810020131980 32 11 ms 0 h
353 28325360378461299573344258779764 32 41 ms 0 h
354 44176178687617239073484877346188 32 4 ms 0 h
355 58901572204955169200563419769812 32 22 ms 0 h
356 78538907176403419792802188965612 32 37 ms 0 h
357 105557686994902197139106741645588 33 5 ms 0 h
358 79492915985734425477636058016812 32 56 ms 0 h
359 59747302354264602158621201811188 32 12 ms 0 h
360 54215015619863233375942350044812 32 10 ms 0 h
361 57098407801654031938736503587188 32 5 ms 0 h
362 51148987877342904774823897393720 32 5 ms 0 h
363 63936234846678843796161451079480 32 55 ms 0 h
364 88392893844689315457638588825800 32 5 ms 0 h
365 117884574993628406067088563879800 33 32 ms 0 h
366 156197127514467586346039508640600 33 9 ms 0 h
367 206965065209123699561054434931600 33 5 ms 0 h
368 377375738004168130461409517988976 33 13 ms 0 h
369 442972469541305841310734770737904 33 5 ms 0 h
370 416174238447028290414480392186560 33 6 ms 0 h
371 574841234520344621546614620247376 33 10 ms 0 h
372 538917570945987047208886080796336 33 6 ms 0 h
373 505894866845590265067398471733584 33 42 ms 0 h
374 549674230322612499544384877941732 33 7 ms 0 h
375 439660084777839083114078492595068 33 14 ms 0 h
376 377670549955958777362523667508012 33 6 ms 0 h
377 293124387099568289439105934578356 33 13 ms 0 h
378 278104225418747358925004843079244 33 5 ms 0 h
379 292220395249671046256890199473076 33 3 ms 0 h
380 298471098891375239759711380211980 33 6 ms 0 h
381 328318208780512763735682518233220 33 7 ms 0 h
382 372263633608772298866361510656380 33 4 ms 0 h
383 409490016080684909499700147220900 33 24 ms 0 h
384 485847382038842478851713410323356 33 6 ms 0 h
385 368952262767800954725849522395236 33 34 ms 0 h
386 276714197076142418010596039100424 33 62 ms 0 h
387 270640003313841115316940716099576 33 5 ms 0 h
388 242511688362685260721480465847224 33 36 ms 0 h
389 213679575440397248358775931752856 33 22 ms 0 h
390 195125883183890782335697284247144 33 8 ms 0 h
391 170754329137386482349636761090456 33 5 ms 0 h
392 178519817512086260705501555363944 33 5 ms 0 h
393 156213250436341534594243278050456 33 6 ms 0 h
394 154431773596012621869006006191944 33 5 ms 0 h
395 161503724196510814072744554282296 33 33 ms 0 h
396 141603883774581080083762232909344 33 6 ms 0 h
397 159147206223346466392696704944504 33 6 ms 0 h
398 166381170142589487592364736987616 33 6 ms 0 h
399 166551642652986936295089216980192 33 45 ms 0 h
400 165895515315097460916365008018720 33 6 ms 0 h
401 226060960476202992008386048185056 33 11 ms 0 h
402 218996555461321648508123984179336 33 7 ms 0 h
403 191621986029532141677143676198404 33 72 ms 0 h
404 150526225487954215393500690023932 33 13 ms 0 h
405 112904808098091211750157603693724 33 6 ms 0 h
406 156145006384804581035402373599076 33 11 ms 0 h
407 208194969472029781402143164461212 33 7 ms 0 h
408 284530321967641785121348336610148 33 38 ms 0 h
409 379373763269583124321897073459580 33 66 ms 0 h
410 682872822021084482903201920002180 33 8 ms 0 h
411 1403240305232890723896431162019708 34 39 ms 0 h
412 1872340856464968267200299503393924 34 14 ms 0 h
413 2625645973139359069146145598530428 34 13 ms 0 h
414 4681284604255362214345775342641284 34 6 ms 0 h
415 6241816440348181387211012088569532 34 44 ms 0 h
416 8353608726376045753762061146385604 34 7 ms 0 h
417 11138145402845740007492278509895036 35 64 ms 0 h
418 8353934252217219771199012732112324 34 35 ms 0 h
419 6479734161862143758759263313952316 34 6 ms 0 h
420 5923761042521111265490004944085444 34 14 ms 0 h
421 5273259324139552364999023984206268 34 6 ms 0 h
422 4129061546260215531084141421595852 34 6 ms 0 h
423 3096803119653092147099323897165108 34 44 ms 0 h
424 2323092916932128045163783434231692 34 61 ms 0 h
425 1742659292795130719703514764046764 34 6 ms 0 h
426 2880416178453133783963277740853076 34 39 ms 0 h
427 4022939143692603638335709693229228 34 8 ms 0 h
428 5438692477125399408094889108948820 34 13 ms 0 h
429 10039294356875335702709878007185836 35 9 ms 0 h
430 14015317023156297667072934172765780 35 13 ms 0 h
431 30869581325614596052020358760354220 35 15 ms 0 h
432 66348688428056499786499440876900948 35 40 ms 0 h
433 107100047962427456048833497403019424 36 10 ms 0 h
434 175450329827896534770472636269646176 36 56 ms 0 h
435 285127651150278792138937998439436064 36 40 ms 0 h
436 463332433119722373138095969344709376 36 68 ms 0 h
437 828170786200402832407335215141461248 36 20 ms 0 h
438 1377472717466995092585393415536298752 37 15 ms 0 h
439 2288613531750813624795170248628001648 37 70 ms 0 h
440 5256663777628960380292144667749598352 37 8 ms 0 h
441 10099783741244054946047264757449788848 38 6 ms 0 h
442 18165589589256126711959262573078777152 38 46 ms 0 h
443 19784264106641771854582109877425353408 38 13 ms 0 h
444 19550248025038630643866585628632540992 38 59 ms 0 h
445 32177643377036771634466588478591467008 38 8 ms 0 h
446 53553722086676707280670170410777961088 38 7 ms 0 h
447 94521933282749216747068064010099741312 38 50 ms 0 h
448 169766367014411422183878825491823897888 39 8 ms 0 h
449 316383220072663449735469236807856917216 39 55 ms 0 h
450 553591133220529471987208391166495159584 39 23 ms 0 h
451 899810864296186535191195654171235763936 39 9 ms 0 h
452 1600508190741674485256012823271565900064 40 10 ms 0 h
453 2824770933823698030125911051899753129696 40 25 ms 0 h
454 5150341472036924385343989055942883875104 40 19 ms 0 h
455 9177893710205605197787397114271294449376 40 25 ms 0 h
456 14914529447230150932725050929812598146352 41 7 ms 0 h
457 23614903523046295342903586470843473152784 41 9 ms 0 h
458 42474028852281502456239375825875097897072 41 8 ms 0 h
459 67487531804885007862433623072502765398672 41 8 ms 0 h
460 64071751820895429243629467303495723596768 41 9 ms 0 h
461 118132292419775947667941830340820240382360 42 11 ms 0 h
462 280381891624452182524568051055746257630920 42 86 ms 0 h
463 662478843718760716285347698985374332762680 42 55 ms 0 h
464 1564855027810921528263502931782796568874920 43 84 ms 0 h
465 4216611013965803873775110076094783543980120 43 70 ms 0 h
466 11327678427397701485014114448280258508115880 44 11 ms 0 h
467 26745909011311353156467795653812047038524120 44 70 ms 0 h
468 64022077113537790390245298282564891251365160 44 71 ms 0 h
469 149384846598254844243905695992651412919855640 45 13 ms 0 h
470 336115904846073455793704425904822855578953480 45 167 ms 0 h
471 820519100709449138324436591787990195815469560 45 10 ms 0 h
472 1846167976596260561229982331522977940584807680 46 15 ms 0 h
473 4551005576601470940865038606433603363748331264 46 11 ms 0 h
474 9037833426701063604350405695244514332965115136 46 12 ms 0 h
475 15740318527451169476265251374235165729138765184 47 114 ms 0 h
476 27521861788560661125082997952791016167721234816 47 88 ms 0 h
477 46073720804593018247586785520765977633001065184 47 163 ms 0 h
478 75822107465829296039350785099646592763588486432 47 133 ms 0 h
479 123210924631976289215407039117138647272082474528 48 229 ms 0 h
480 204007622910278115168545303003688709275018295776 48 75 ms 0 h
481 331512598905640458797399483895396658238919400224 48 13 ms 0 h
482 577264902255728159679617566558756572836550649056 48 137 ms 0 h
483 1075811885380689750230719066003112695371304606752 49 29 ms 0 h
484 1748355453855484768971040443233734183130359611168 49 11 ms 0 h
485 3513598597809441780792191694348924238919902187808 49 12 ms 0 h
486 6515801964749508166828117395006179296568381460192 49 66 ms 0 h
487 12086242779620736336490076936907494880769778104608 50 80 ms 0 h
488 22080635848790344729745730593535621428923309696992 50 247 ms 0 h
489 35925516499950522507764044351950563364470964066336 50 171 ms 0 h
490 68893853306173297621469928518881877592349868679648 50 125 ms 0 h
491 111953269160850453359599437882515033017844320410912 51 160 ms 0 h
492 181924148187051437487080685510214923938108707161120 51 156 ms 0 h
493 391166689554772012247739043183710339813201579590880 51 163 ms 0 h
494 949923143125103475658455861373577487073512366684960 51 85 ms 0 h
495 2042334757718972472670221428915741244376443630710880 52 316 ms 0 h
496 4391019729095790872416178728985205403908041225343744 52 405 ms 0 h
497 7295496325940457885748651262319745356247226233190256 52 327 ms 0 h
498 11554329093332886408981619358203285589146889445331344 53 13 ms 0 h
499 21932867056348194001736273853344592038762639226531696 53 302 ms 0 h
500 39448887705043893375102470161238803295318090278129552 53 13 ms 0 h
501 56571495103351721616790257401374843849610447359246448 53 180 ms 0 h
502 80082550131108620309674001825205564609155650521221008 53 14 ms 0 h
503 120015556801515925904200493656196894836782957747681392 54 119 ms 0 h
504 175808635685655586457508199508412997647846280573483408 54 356 ms 0 h
505 191022897093046125286905212414853515616340841527641128 54 16 ms 0 h
506 172490825631755954530119294206405484992886309538883992 54 599 ms 0 h
507 154135352223589183732697503944741634587566486116898408 54 175 ms 0 h
508 135212895395186697529517715021847250365254986629377592 54 19 ms 0 h
509 124494800028673975681197334576332397378165784616838808 54 565 ms 0 h
510 109533105458502830910437387217715669021082215466924392 54 98 ms 0 h
511 132903975108516635501919011362574150225939134068819608 54 24 ms 0 h
512 166879427391897326784788664336988505010937351884812392 54 479 ms 0 h
513 146117102720458184653623267633396665039687020942909208 54 156 ms 0 h
514 129823468963860329530377507573557468578426957456471792 54 22 ms 0 h
515 121709630743356600263057258894007430374880854887437568 54 21 ms 0 h
516 126103447668077401235112642497447201185558210254322432 54 97 ms 0 h
517 129058997463262735311064539989987822793673927096566656 54 363 ms 0 h
518 131651533463575376406958180970757543715475247870319744 54 73 ms 0 h
519 148865790090134730459756729179877951203514587209456256 54 178 ms 0 h
520 163311648010065567790555792200870002965330091467680544 54 458 ms 0 h
521 160739811300442814885928206629778808339363680848923872 54 451 ms 0 h
522 160236602582513039306178719140557046311577577490212536 54 315 ms 0 h
523 174493631052137023461080500727531174223245988640220744 54 21 ms 0 h
524 190160241889846896648741074913838771021365566121891256 54 491 ms 0 h
525 166390211653616034652779478110833264528014025834510144 54 780 ms 0 h
526 171843556289441248714648144899169410307504148528211136 54 185 ms 0 h
527 169158500722499482293526904288946880206551921322928304 54 592 ms 0 h
528 207631179357716790720221336223265148914275777866567056 54 13 ms 0 h
529 196040543701624780552527379704075158478209915417588336 54 143 ms 0 h
530 184764432738836932337997652638388418087441442068542864 54 486 ms 0 h
531 225275155970449285922237780466594703998768349162576496 54 202 ms 0 h
532 273548403678403591430128115588715688565943256128271504 54 597 ms 0 h
533 381316617800883300259144616189427682836056979857469296 54 169 ms 0 h
534 477711728495390637246464917311732561842645526787010704 54 135 ms 0 h
535 447854749314735168794227007915554296923684030768037296 54 186 ms 0 h
536 419863836594736767230184532144776519292157205655797088 54 38 ms 0 h
537 419482465909466277343349285888102285997822696156293792 54 27 ms 0 h
538 406387845145937828318854755438471680494982926637192416 54 30 ms 0 h
539 464838366514566634534440569938340027458793395801899584 54 417 ms 0 h
540 481573632683132234540276730677169178991119327738058176 54 73 ms 0 h
541 615258879160301755561412613474060608803064255929423424 54 11 ms 0 h
542 606901911174775129930721634387729750055889617009994176 54 51 ms 0 h
543 613916640440395768198725101629693897791201494593144688 54 20 ms 0 h
544 575573817942395239119438485969161193970162730831679872 54 16 ms 0 h
545 577465952356619203522362271687495871863963626393792128 54 113 ms 0 h
546 572958099612301659256511600116269651933028977271448872 54 18 ms 0 h
547 501668358191621502799408535445009062794819784458119128 54 145 ms 0 h
548 438959814358674262932026979851659877013970547062886632 54 542 ms 0 h
549 506897323163139843144659813399620532033748549422591768 54 133 ms 0 h
550 443535157767747362751577336724667965529529980744767812 54 23 ms 0 h
551 403213779788861238865070306113334514117754527949789004 54 22 ms 0 h
552 312532252204923812125968776169120457060840133031970996 54 74 ms 0 h
553 258894913014701541018047659774818700519720286887417676 54 158 ms 0 h
554 236545518637786695043848760055235410272841112956172724 54 16 ms 0 h
555 177416542762943614308136534673367759388642830697878092 54 159 ms 0 h
556 161287766148130558461942304248516144898766209725343804 54 21 ms 0 h
557 121021705353028730509968242993185264388024634223128644 54 359 ms 0 h
558 92483829347232108961859402500002237305501926944464956 53 28 ms 0 h
559 71251353034214284041228947612862851992082376551727044 53 14 ms 0 h
560 53494912084621470710766714832451748723208754591666236 53 111 ms 0 h
561 40121638313708934170790384481310423788412282122468548 53 125 ms 0 h
562 53495517785644250298612120622404877156090711690873532 53 595 ms 0 h
563 50716908010925378583747287587934164784438519289498436 53 289 ms 0 h
564 42063982560418513081209463654956756142919371939551164 53 29 ms 0 h
565 31548102664758460800657662635223863814865682683217012 53 240 ms 0 h
566 26332479270381014116919179476894970754677480721849228 53 209 ms 0 h
567 21765132876441023425486769177161622007410581991613556 53 10 ms 0 h
568 16579480413648894204273851543436290288751782361674444 53 436 ms 0 h
569 14875319728940706989884245541286078051824891332573172 53 14 ms 0 h
570 13166294618036735925473395679836868179641929369116428 53 8 ms 0 h
571 20347910124966184241822121885389047131852475289435508 53 38 ms 0 h
572 27743276477598634707357222665606307718801717737329292 53 187 ms 0 h
573 38741606336176510175062485796524126481960291127848308 53 99 ms 0 h
574 51687542190491891556615194903540863740852394007798412 53 377 ms 0 h
575 71527250050554035390061623492522346216704675576092020 53 15 ms 0 h
576 132034609963417205156995685677073006552263323797926284 54 210 ms 0 h
577 199744704006889913572978259413715300923212285922393716 54 189 ms 0 h
578 305165520010526269650497255177362064151735785587232016 54 702 ms 0 h
579 483178740016692530756055721880852790584880745898225328 54 694 ms 0 h
580 884822116837962980380807170377668815681546393178446672 54 13 ms 0 h
581 1423160496166411647857939109296004671115969400966853808 55 522 ms 0 h
582 2331135093945351434516835406628324954004609485241234192 55 27 ms 0 h
583 3691193320781653189400878065050603288147534494022525808 55 331 ms 0 h
584 5844590103830682250215651628934766993965079886272253392 55 260 ms 0 h
585 10453667157227224421652353511065106989345887940788074288 56 449 ms 0 h
586 16551639674300099054959997965383812206520690834717719248 56 808 ms 0 h
587 32322709383150422913031128473565449819968128573136253232 56 359 ms 0 h
588 58135984237752766747478164136116368812173425945649960008 56 952 ms 0 h
589 100452808606418258896170926554900833495868888883286334392 57 413 ms 0 h
590 153293505593942062197133713498069249676314866008220683848 57 15 ms 0 h
591 230026109624906736730382868554563430060832615503948692152 57 196 ms 0 h
592 345042029892255988659608205744691323084030175658315563848 57 417 ms 0 h
593 521268734099448929192544174238617752835172549703902996152 57 125 ms 0 h
594 823940902293313960021572297682139997775260034840337208648 57 1166 ms 0 h
595 1747649313824083210509941274657443272373835607427939936952 58 14 ms 0 h
596 2621473970736124815764935164418513441012188852741298488648 58 1343 ms 0 h
597 4196075365603248782560987013157330842119998288744575351352 58 819 ms 0 h
598 7250319276194506807027131341383347393142322859046694879688 58 158 ms 0 h
599 12523278749790511757592317771480327315427648574717018429272 59 22 ms 0 h
600 23472098054997217828877819377984060836387958456776334786728 59 16 ms 0 h
601 49187286504790891455699207143365086874663117157253338173272 59 27 ms 0 h
602 91347850599153236849647688215807898926252432918904903823528 59 464 ms 0 h
603 170669125793211314053380624825329378818148113425810770104152 60 460 ms 0 h
604 256003688692139591389206490495339972612441267285277837045928 60 2145 ms 0.01 h
605 384007388562290931405490564153649607852567146196161427052632 60 20 ms 0.01 h
606 576011082843436397108235846230474411778850719294242140579008 60 33 ms 0.01 h
607 1250244203148416559117590827631901734032941407540430224169792 61 167 ms 0.01 h
608 2583502608920369831416027736858040519536812793641361667603648 61 1160 ms 0.01 h
609 4418191624918466218053874712424083907851780883989948612373312 61 38 ms 0.01 h
610 7543462832467381276316842375834662105856155941577701405833920 61 2118 ms 0.01 h
611 16437275740206024781272347400253427450027802441470407826376000 62 21 ms 0.01 h
612 49292089934332666668054958131016550185854155611258101474360000 62 260 ms 0.01 h
613 113804336343732035661105942779692067061780074405468762424095040 63 170 ms 0.01 h
614 248378307222331557499866448458193925604563974814063284823047872 63 814 ms 0.01 h
615 481953432407416305770702875363698348450632829089129076175088448 63 363 ms 0.01 h
616 983757437222444002291478238910177388033007491525955518164613952 63 2023 ms 0.01 h
617 1908307250908352022963562983652997542710189445644957284196195328 64 3565 ms 0.01 h
618 2255399006279431460287146437536380055153375072028164147447964672 64 22 ms 0.01 h
619 2254424633666649851542137346176165858022480677312896617036876480 64 1904 ms 0.01 h
620 3114055896549780972852166850874683202154056877384537627804358960 64 26 ms 0.01 h
621 4233510246399051564255777247521518388546385086438909832735588048 64 254 ms 0.01 h
622 3975732339500909646377354521838060211017618332680704412599861552 64 1352 ms 0.01 h
623 4188448969511833721777342938912012535698397495543815958834649328 64 2529 ms 0.01 h
624 3938599709538430857519700723004957559053629959664619688126420752 64 667 ms 0.01 h
625 3803168073251813673305543677499701499532205588047924611583207664 64 559 ms 0.01 h
626 3565470068673575318723947206074789823212935192834025691045958992 64 8256 ms 0.01 h
627 5651124251474323043012974072309454122773779903809069639509617328 64 326 ms 0.01 h
628 10274777911577115893386823582224251883381189597686372246412917072 65 1289 ms 0.01 h
629 18311764015119672383739476016996333414884782291214234931823303728 65 2266 ms 0.01 h
630 31483383745293471817657443152139751406851928234790034033442653392 65 5128 ms 0.01 h
631 50596266619987021736697788908829619825811859514712803403651909488 65 36 ms 0.01 h
632 110722282084345964504731299504042086864111945530275359393137195152 66 29 ms 0.01 h
633 216172144775991692899697692102604261005793283621938660627990824048 66 1386 ms 0.02 h
634 218979196046460840673539911018378717896169998611568517069270682512 66 33 ms 0.02 h
635 213298132045580188069577674821222264754284805018911292719631632880 66 710 ms 0.02 h
636 283067200941984655851386183246531697934673676732280456409253013520 66 5821 ms 0.02 h
637 375064041248129669003086692801654499763442621670271604742260243100 66 38 ms 0.02 h
638 647959412280799550184938162275315859430628553315333743250611897700 66 1241 ms 0.02 h
639 1040802663400524625906385375384881799700404819853672822518141570716 67 266 ms 0.02 h
640 1041009561852646785658227210551040679118840573763636333021387614756 67 3992 ms 0.02 h
641 1239498251852781336786000899233815848247166862611530772153919034844 67 354 ms 0.02 h
642 1239507786051356431175679256189808395078806466329753493342548738596 67 3814 ms 0.02 h
643 1239507786051356431175679258658820666709480842426127699795395186524 67 10177 ms 0.02 h
644 1270887730002023682621731253695709334452056047482047301784215642276 67 9673 ms 0.03 h
645 2119544910003375031567479804528383554709888559014897734258092535644 67 5881 ms 0.03 h
646 4003584830006375889642695936919832790462580744684617254594796677476 67 13669 ms 0.03 h
647 7337614959032462712699671471635718118676166721827178401149552768668 67 469 ms 0.03 h
648 12568764140783719134011815368566718261549190634017743463666351163748 68 25 ms 0.03 h
649 23041017004519767092403530839156894521744440119957734422643252573852 68 381 ms 0.03 h
650 38814062202244708323444874098177050503072848792680478792506418798948 68 39 ms 0.03 h
651 67185115653426915215119163261761076762043195947094893538915487121052 68 27 ms 0.03 h
652 111975429971179420653593610992962338946975129202485340678637018914148 69 1068 ms 0.03 h
653 191957880320741374589668712330059665256795746436137219064440747957276 69 103 ms 0.03 h
654 370196866211770189250094164881951334784944975709427135830406206080484 69 2451 ms 0.03 h
655 680359917401159659112485379988219870793855886903054343978870275291676 69 309 ms 0.03 h
656 1136065754391721331659833630217615355621303103602857689775830597079524 70 3170 ms 0.03 h
657 2113486317211548547280109860790734520406182131266928928259188124610076 70 883 ms 0.03 h
658 3813790295937071908378079711994288571425259866561076063735049847757284 70 5769 ms 0.03 h
659 7138633118405715625503547543451507462957609242288840585073572471852572 70 21497 ms 0.04 h
660 12862450835912965190929877770182111950917084058793617894266638555460068 71 25 ms 0.04 h
661 21437432202642986029955317797004981053606081932420151292879593039547932 71 7138 ms 0.04 h
662 40926006932318427877913554580248316129799002761113499521665279813671908 71 24782 ms 0.05 h
663 74128279651746758605780529444067992750740270336728103979178306480664092 71 40 ms 0.05 h
664 128676550454762487164175012224126215675150556889954369137818286899565028 72 376 ms 0.05 h
665 222518654232381146906114570814784529138040663192392388342942305584640028 72 1012 ms 0.05 h
666 383757921911507558725501307651477678885306346455138492351518139622707172 72 20 ms 0.05 h
667 665424013440095286786974293217262802838082941274174394741800920061708828 72 31 ms 0.05 h
668 1109040023462267114890694769805213561465540584232620204139731371406452196 73 155 ms 0.05 h
669 1848400042948930328603312057651684480423296948161116247611470666895069724 73 4786 ms 0.05 h
670 3147864130352639793459237316112199780039820054549888426574645673616469476 73 1652 ms 0.05 h
671 3162471388498127681131901990433423579948420694980088696707614855538108956 73 24058 ms 0.06 h
672 3501811205303741472724434663385403796287176498539070227979546566082729444 73 18 ms 0.06 h
673 3501811205311139560215820082506182052292735026595064727863108324275488412 73 55165 ms 0.07 h
674 3583780924363378827786603283482756688176636006054542035493768960315513188 73 14769 ms 0.08 h
675 3733961836700550656131724544879076627321950344725622748337920006919579292 73 4514 ms 0.08 h
676 3760598007973910036520042954667893114524494878467775873897601311628286308 73 40 ms 0.08 h
677 4339208340538254719546435153151967380746352024512344516246829113004566172 73 2960 ms 0.08 h
678 5125083372553286848805035811186392892377686746346021966260785378235881828 73 4141 ms 0.08 h
679 5248698215965193679320672346536973616522368533439952440908280711938372252 73 1526 ms 0.08 h
680 5248698597575680910322081244016899472020471072901775248076331379611594084 73 12123 ms 0.09 h
681 5248704335585975349446550220283790778528028288731320539336429995561087516 73 46 ms 0.09 h
682 5610917417125436226096365281951477799886058982726613019611507498548992484 73 26 ms 0.09 h
683 5871899803925759725878684081635241070432709311769779084598547411112675612 73 8117 ms 0.09 h
684 6228848846327094307044184414297589403482674267173919886498189559372469988 73 543 ms 0.09 h
685 6794014875691269762939874917481172957195644219510455487949942445295306012 73 667 ms 0.09 h
686 7046033952722759612593857931157736208523527404717410949254782270507420388 73 8688 ms 0.09 h
687 7046036599483982160324984634239837873205417253460727147881994787457709852 73 10754 ms 0.09 h
688 7046036599483982160324984634239837936241821544212087909480629910772189028 73 44317 ms 0.11 h
689 7194844030168728346276666057277860090433780917542723481076573925415254172 73 28 ms 0.11 h
690 7501007605921223121645800771321375878703137552800509392976805805325714276 73 30077 ms 0.11 h
691 7501010534643314218794767724970772443913927495381197879322647635667064476 73 15878 ms 0.12 h
692 8864830631859575894894637642913692597770070199726065090077196891564346724 73 38697 ms 0.13 h
693 10541624478602511775950678118854350746122190855997833617848170940539794076 74 250 ms 0.13 h
694 12458367159454194843189230526778455703774166486247572735011013085713968484 74 2990 ms 0.13 h
695 13014058521055927817523627878604026428628481374781479037759279408155097676 74 29340 ms 0.14 h
696 13060939740696331751088343867509903171748458136102546828894352274010949300 74 42 ms 0.14 h
697 19330190821416284450233117418016995508163155781131466901113360058829739084 74 4914 ms 0.14 h
698 19446456356231698222997955642040899163596273169474347733751239752281764916 74 40 ms 0.14 h
699 19672082490505732537720289908197259042889071861033700305911002222889061324 74 2294 ms 0.14 h
700 19672082490505732759807289983767208175341724164433534581895943000246457396 74 46688 ms 0.15 h
701 25966979099292009959676577162032689980223480200735771215097442275541707724 74 25722 ms 0.16 h
702 27642268073439881569978291817647702237012091826589691938652115970737948724 74 47 ms 0.16 h
703 27642268561584577779976971868583754942035042954497853121031535852294598476 74 12357 ms 0.16 h
704 28930726704020844237990162623935791656534927012205858862030606252011950260 74 283 ms 0.16 h
705 44587355273255654063427145961432023644135322782312576302102613544815196748 74 38288 ms 0.17 h
706 45009984233191726613791384370194642034743736846905935353684128356607450036 74 42524 ms 0.19 h
707 48431984785208336249990565497208347711255057982016476071704075522010403404 74 40 ms 0.19 h
708 51772121666946842198265776910808923415479544739396922697338839351114570836 74 53 ms 0.19 h
709 51772819990638504395177075730581845174746135510195888721933184412129948844 74 5069 ms 0.19 h
710 54380153290782884036272522954090394650476506316503771447657342382425184596 74 7523 ms 0.19 h
711 57028535834530064023842213059548030734831350067473502109517506109180135404 74 18762 ms 0.19 h
712 57028608966006388490225074298481108921974341761804033006948877716522072596 74 15048 ms 0.2 h
713 57152655679940134373753689735814815843099353784497194052686962583368625644 74 3534 ms 0.2 h
714 57465148284116784700448133899887430177542099403885372901944491387685454356 74 13620 ms 0.2 h
715 58482230555072774278423466571462253966187674046030174621184989013492453100 74 44321 ms 0.22 h
716 86554363973264826831358952744146281073144777970379217292458563321039655700 74 11184 ms 0.22 h
717 128200850225556075595454833437337780175683186312278759536079848286920797420 75 5759 ms 0.22 h
718 190104582791335537173111488888384899980122270098197908195212324970244495380 75 58 ms 0.22 h
719 294966208278533252673685865531986218065958377082634555832998024158097595884 75 49 ms 0.22 h
720 336328095113866194032537153535315501798700907103452673432568613148703351316 75 3477 ms 0.22 h
721 371731072860450827216533293760878585074408234985695117450255966397203940844 75 46 ms 0.22 h
722 371740217063839190028451182210552807179257481144162345575030487569862055956 75 7089 ms 0.22 h
723 397400552394169998147316036003588340662094216764038192310417111578672305644 75 2843 ms 0.22 h
724 440295802358040437008559188096433212989407240716001189204530739750778256916 75 2450 ms 0.23 h
725 445699184456089638309192957119789405148564958279010619571137755510041035244 75 1535 ms 0.23 h
726 593194008479661980770213667395022637195489879794619218771969014011410750996 75 33423 ms 0.23 h
727 593319787679118042368163650475717728308946909667791670062338211630003516908 75 39 ms 0.23 h
728 614747495068577310599924288090323070594882828193106882176187062040171337492 75 2833 ms 0.24 h
729 636894509067834451760437101366235364386136328805915467374506030909030902508 75 236 ms 0.24 h
730 674933419959941547546987239706645574300640910363871156948702296189352629524 75 36 ms 0.24 h
731 678065597752878598028861753814504224775040351743332733538885430098205488876 75 44 ms 0.24 h
732 743117527592400882273726128102337323639435413066219694891037201086819453204 75 1270 ms 0.24 h
733 761322337818195213187982471434082103461650166804118549353788449723919415020 75 3484 ms 0.24 h
734 1066148326044280598579168199368829596797136441054107033803129195580557302036 76 22888 ms 0.24 h
735 1134992049253923155203494691884087203863564890051441688535704699653765483244 76 48 ms 0.24 h
736 1153367047328138761378194389973306914064913221103986614919003388661897999636 76 31 ms 0.24 h
737 1363075505719209764816280765530429223468004359438288060137303460297037142764 76 21310 ms 0.25 h
738 1363353396925684953718984874467499020816546875092903141632699636979162581268 76 5822 ms 0.25 h
739 1388836637989716448188979931577794772906137535277667697766300416688728367852 76 39085 ms 0.26 h
740 1604305565246624634131394518364993976532841505853556576592955678536940199188 76 10245 ms 0.26 h
741 1852477407219470633307778419138995631725273998627353040689743523431744754412 76 32814 ms 0.27 h
742 1859588644867517675969882048561152238854825916162126344047345288299291153684 76 39346 ms 0.28 h
743 2146346596139659587864708520516519332182768406052288687207768317207109737196 76 3466 ms 0.29 h
744 2168821430118963089978440283129182922328354706615505554571407959910470346004 76 47060 ms 0.3 h
745 2424718025021417894565403735271780177749052709319017191379339970649307726316 76 26233 ms 0.31 h
746 2820326866312834829238830318648997929148787980840895709913890867195236498964 76 5378 ms 0.31 h
747 3032190791050932792490078693974091492809860237932223572210227713400890235436 76 30306 ms 0.32 h
748 3142184886885445540527878945305647381019890195809064875491405644368893470164 76 393 ms 0.32 h
749 3254574702831076097551516299889722131750305432514918156212735085515937082796 76 193 ms 0.32 h
750 3846326269123604249534537245589642779527836356985238147044691944551978095188 76 44 ms 0.32 h
751 4180789422962000755416718819138644440147257415515595236099043393234522308012 76 62072 ms 0.33 h
752 4700754112233385334804906480631388282207681152889043356657183781650240162388 76 33 ms 0.33 h
753 5610797857465141355836512305584820507164022725177975297322245861415189298604 76 2698 ms 0.33 h
754 6689797445460898924553052776562949882519316848580870718998481164979518669396 76 55786 ms 0.35 h
755 6977176619757676589066681596065925525462418230628462225812061400535267890604 76 7436 ms 0.35 h
756 8556464383098442243216049139749811949817186500650800008717216415194548480596 76 20584 ms 0.36 h
757 8790888064827166688235666924400491729264232706148082200736866179994399128044 76 53 ms 0.36 h
758 10393653000208343656312010157812475714863536683294566935533143063266501510676 77 1517 ms 0.36 h
759 11992695968564201555206253944865685920832066238836105856268633103143520059884 77 50 ms 0.36 h
760 11994705879532742950514444938024319384447285686113361797521160165021886729748 77 37 ms 0.36 h
761 11994705879532742950514444938024320394227348368950064379220857289466687270956 77 84861 ms 0.38 h
762 11994762625998055080830350723150025871254799657163628334896962854224777433044 77 4184 ms 0.38 h
763 12048167191528400246667997221232633589360236986590275205738030975967769482796 77 3370 ms 0.38 h
764 13404079908594655415774554782532737065203991305746151974532635516766477593044 77 4562 ms 0.38 h
765 13893415726948710112452609432905798747909388014702267516307713364911412557356 77 10717 ms 0.39 h
766 14205627316318344047563904026903681865839936059976475775101145125920657788404 77 54 ms 0.39 h
767 14205627316318344055554448379678951448392334491360697295427421697539739060876 77 98134 ms 0.42 h
768 14225292021372253532750598035845638245464961875239084287057068025883008894324 77 22 ms 0.42 h
769 14225306270175823233351219723904122312969302169012146168561175738898196091532 77 27057 ms 0.42 h
770 15519053469409445075122600866343140070463822047551313401831800906126348266868 77 38347 ms 0.43 h
771 15519053469409445075122600866343140070463822047551313401831800906126348266924 77 55 ms 0.43 h
772 16379400842196493876530007516141377239426954465304232289019708709464776626772 77 67 ms 0.43 h
773 17446715675402098097866062334846269590851460169875278427775642222145469773228 77 6438 ms 0.44 h
774 19499270460743521403497363786004654248598690778095899419278658954162583865204 77 54 ms 0.44 h
775 24621783972192774297190052669467149727516530186252169347644125683355240134796 77 8912 ms 0.44 h
776 24626393188459062718283942278832545773531524807548800973974911679254780729204 77 7393 ms 0.44 h
777 26000746802320419724707504042155122589391577521625341642166774972295705440396 77 41430 ms 0.45 h
778 26382762098568170779706255606918723432065074241624278454985415039355571359604 77 1168 ms 0.45 h
779 26382762101235325061517133904356895772912372649646709370796657437660859415436 77 108633 ms 0.48 h
780 30447371573132567177475991815657540805973100387651629273445514899164348885108 77 10052 ms 0.48 h
781 35136349543552658367667601424440601224981723341528411934906814928261123181452 77 4361 ms 0.49 h
782 35227731466949299391475724837741255476550164425551337036239993857871981842548 77 55212 ms 0.5 h
783 35228664558659343091676195661956984967117990435251319769714102414426112237452 77 7884 ms 0.5 h
784 35228664569798436562522520264246010790688105205967453426816094814654381581748 77 103299 ms 0.53 h
785 69485475988273208896814245026220970365122732774630257104550935851426077682252 77 6748 ms 0.53 h
786 115809126647122014828023741710368283941871221291050428507584893085710129470644 78 55 ms 0.53 h
787 233456493399753902907285956694560575652918235029374682484160502850794366589516 78 57483 ms 0.55 h
788 458489890858162966848272193721941844164128303706788715232527676570255647679924 78 3613 ms 0.55 h
789 458489890858162966848272193721941844164128303706788715232527676570255647679980 78 62 ms 0.55 h
790 1231409173187760852553746475595558430292327942228423617647752843634714305421844 79 17876 ms 0.56 h
791 2523628675915658043505208826529169131689782892754230792965235218935860572462796 79 81241 ms 0.58 h
792 5230294333120242108426504406128066395834115354426972161686700581517447527199124 79 43117 ms 0.59 h
793 10149261622602374567541907359510414553820961937757100742320621366515999368260630 80 56 ms 0.59 h
794 20887304818142357405465055893588659744047640637923201550617810109543773381153770 80 22496 ms 0.6 h
795 41258544067714479436467810491975091033661008856770261185648563550850420710878230 80 1994 ms 0.6 h
796 86429502525621235123826529054861326152211856309368313663717677245572194588259306 80 92239 ms 0.62 h
797 128071381387244059747480924440189735044452135023297839405558726603249604505951254 81 9029 ms 0.63 h
798 154655874708065669550980246578856764654964254540681448650186055682525192791277546 81 62978 ms 0.64 h
799 240656290516431585502105891292915981320794545459087298971107026265383806798047254 81 48871 ms 0.66 h
800 359365395338503080287901208213182053967105084900064321775191103706183295245088746 81 29342 ms 0.66 h
801 444019443169848282302425275548869462931327459976985538740562966031536314647310614 81 11886 ms 0.67 h
802 518026347880728488134529393510973317387266397493749394304878069692025109721331258 81 88709 ms 0.69 h
803 611569436599731796216267739041784988728866208811935316695322717160503547621533894 81 54 ms 0.69 h
804 747473756548884519475188259367315352110547540003669576569048308328782799883566106 81 83 ms 0.69 h
805 914950933583000861244976068654807623345814761946509939398473684818416066232222694 81 1343 ms 0.69 h
806 1146230379389253879332721495646803084030841293677885599543415967119485179272961306 82 54 ms 0.69 h
807 1281289960406575348602761221287511220392272819688706885777617673309608239805433574 82 5481 ms 0.69 h
808 1292288157533737338413687223425752746423875930607047210360478062657490068837645946 82 158532 ms 0.74 h
809 1437180400809421243663567464145869718164183638238970556078933857784868519895463814 82 59 ms 0.74 h
810 1758388248383267257967589536511995848819255779852068888595356883021010704291979386 82 111085 ms 0.77 h
811 2177450081597435378358047969515869052281324631682044766604729447628289388117979014 82 73836 ms 0.79 h
812 3101216784449439983151104199262758903479516573645350848862524559123821614144126586 82 193807 ms 0.84 h
813 4780365413331113885678207793311704424389680470930845748654721184028184687923380614 82 52 ms 0.84 h
814 7433104522450213116090098764938083168031545711250515968635483325904172826289749626 82 8071 ms 0.85 h
815 11461736147862285232808474270266281710594844718895870407769816366321955725573259654 83 141135 ms 0.89 h
816 14016981138762000585449883172661516523885672114502619258906949224086737535234688346 83 64 ms 0.89 h
817 19817111564217051957181591418403903886746103285262844691770255545116989454465035174 83 38198 ms 0.9 h
818 28496665347093801121145872889054446218204319638828196706446381215184382961822498714 83 62 ms 0.9 h
819 31812260212952847179331859324400646329324234354919658662493418833607550605880250470 83 76 ms 0.9 h
820 58782285442664738808347823166015974175880999429539297906360849130744804030030917530 83 19022 ms 0.9 h
821 108008829902039150618294330660927740485489208378329798607147424345824651470383720550 84 199820 ms 0.96 h
822 160005870250543930988968005236726881741848752410655381035099105303321443479646363930 84 188472 ms 1.01 h
823 224008454832588234648502075739383951957165948695205526436116579915092093606891898598 84 87583 ms 1.03 h
824 232461604071553828408822908786153157903709392482537930148445274976786363316343873018 84 359832 ms 1.13 h
825 232930749589357166104905296089455182442224215267588379821374822761970785288404517382 84 225198 ms 1.2 h
826 271752577800221862262259564779230328387136265539408424922199015341776861741115321218 84 66 ms 1.2 h
827 317806416302095120392810774320306954356102905571294152640830214629147795410731995774 84 54007 ms 1.21 h
828 378134160056549766491404500353689211491481828145604246286733305795400395659112931714 84 171193 ms 1.26 h
829 441375745675981228936660867047237752520567228066815121047822151687522425954225745534 84 67210 ms 1.28 h
830 514938408762733716734887940793901904994211057299190480860519556428640197054365790186 84 65 ms 1.28 h
831 760164433013070052066004757552489388069235835808877037804707330549248927368775314582 84 138785 ms 1.32 h
832 1039617799618212162269021683600453446415093191974703672275915084444251062556622166906 85 73 ms 1.32 h
833 1417660635843016584912302295818800162015537598637773924963294748913855891933398456774 85 487387 ms 1.45 h
834 2093589500648063981209400242574326437248259375268256572998771379924222473324678368826 85 22830 ms 1.46 h
835 2443319674979493439340738701499962658913971686086385787751104908876890614156159928774 85 28072 ms 1.47 h
836 3697976248023188086960759337516747191317526821313483737424341780500353858662896711226 85 888 ms 1.47 h
837 5458933395992255997647960415443314126666025868458219382475115985720332881704209316294 85 26185 ms 1.47 h
838 6545288374645016055568972884549761295895585913945076949563854170240443952478509492026 85 178 ms 1.47 h
839 7636290878215951022110829466483706754756676517019073210446966376816533107196640711174 85 38966 ms 1.48 h
840 9779811268760348612003493608474587038566131408303445701700905586653787789785304113146 85 96541 ms 1.51 h
841 11708225067943224028709912234699612516894339183911211291877374030414008380291138705414 86 11998 ms 1.51 h
842 15151820676161819331271651127258322080686791885061567554194248745241657903906179501826 86 86 ms 1.51 h
843 17717013486773532211838767764670220654662369028945816648337914827935010997152959692286 86 365430 ms 1.62 h
844 17717013510563177218874316091170671515003307725528061051841950159472854927171037747714 86 93162 ms 1.64 h
845 20939034888138640895748688333666364177313840638761766736733553579165434140230594295294 86 69915 ms 1.66 h
846 25676734758688346992564611923151329212716364072317790095132906275421284616681073314306 86 62 ms 1.66 h
847 25730962287217802301929938968639579123005715608659297794318084995736247732412461354494 86 387234 ms 1.77 h
848 25730962338452080630291555773884105565370574178115718893694665487491649958753493938066 86 69 ms 1.77 h
849 25730962484268572182569716982287533855931950360093324296682834013751043355267382577518 86 88 ms 1.77 h
850 33712726169661353326196247038316629303834577005762499280828197198762111326671012558482 86 18654 ms 1.77 h
851 40190944095051658015690522399932757710274087232547955749541873087032960328460134418286 86 61 ms 1.77 h
852 40193227565089020021807889030038496878389899861635894036471596039742754961147136188562 86 92029 ms 1.8 h
853 40193379195975057093451625441995700126436746052599191606386448270901930407886170885998 86 44166 ms 1.81 h
854 47679870488541431389326429958982763666034760655309563048176554532350022530484345997970 86 385069 ms 1.92 h
855 79551620523842687077826694074929380595782202169514642296206446151762554621096641109870 86 188601 ms 1.97 h
856 121420897136525752177234886876911056084225058708255451673473228168503390691392629113490 87 112713 ms 2 h
857 171919124554895460231543585499372100468216880563848569998802869681767096860045937794414 87 431868 ms 2.12 h
858 177214425355089924016521545455382357865590475263848090226807518205566717496053600330386 87 119940 ms 2.16 h
859 177559233230690212549102439675253838845112043846520584874948191832330989948480150658414 87 178446 ms 2.2 h
860 178719905256111739785067528478725972224592972408358093023332265454919782193493939233426 87 116773 ms 2.24 h
861 220169714854688006938857612303617519514275670603658678354531989313872884543185180843374 87 70142 ms 2.26 h
862 248553510280131875233314443260053882446853296983963635541872144949147595441863466836626 87 67048 ms 2.28 h
863 248553510588061077515405029908287960401499299225049882954882787599413615289709938862798 87 330 ms 2.28 h
864 262869735340632511240313799176905014226089032023789632940100848764248884432041767802162 87 56330 ms 2.29 h
865 263440432226217015311986303461341111120159571071186594901643622154084738367203353545038 87 66 ms 2.29 h
866 266930246168253566902783229866262605753971660333264848656475241187767934687152455811762 87 187090 ms 2.34 h
867 267754685730334868762249983560669759393872886133764641464085344834435166264295123221838 87 249523 ms 2.41 h
868 267754732181685567661445242701230825919567277141655356981508977241154620304152141651442 87 40924 ms 2.42 h
869 269302134171596361926588512220670342779652037873122962241176711190561962830619000510478 87 208108 ms 2.48 h
870 300988593123081154522872293543986645476403061434324462835184787172744250402434676233202 87 223722 ms 2.54 h
871 300988745966879812983531640299186222723401031466702564813122936540644937728779247479182 87 246610 ms 2.61 h
872 301128684350775786690541543140948494336387216327694283850247765351925630519077924509298 87 23725 ms 2.62 h
873 332960374805262058385298627505364614616696723762684909579986014040997244851542305839502 87 51 ms 2.62 h
874 361374848947451413042542240468699520726518656930369872301264432700161711694978426300018 87 68447 ms 2.64 h
875 363586996239288464758944779365468116781445079571880781515608936592360251198991852099982 87 95601 ms 2.66 h
876 375519202067045333426611895195252271847024794178741947138169847121591149088276011977842 87 233360 ms 2.73 h
877 415047539134906832252866050225907543751109670188398369785359620501478061764587315177358 87 619144 ms 2.9 h
878 415047646433251158935762363016855828389112932418450445690209711199560185849347274135154 87 172657 ms 2.95 h
879 547240470070962917787053246620347277505626991759047520723887977229743142632192479402382 87 292943 ms 3.03 h
880 646738737356592539219510752998669215445823952178749311093875771481207264757708240012658 87 662841 ms 3.21 h
881 673643454907291904192453049042110548946222521241663472159494355610986041669904485788302 87 413978 ms 3.33 h
882 684025879662669660169249590353766507281926876649096870394295412721626628253910891107698 87 64 ms 3.33 h
883 687947596786598542010698697075433882479411139077695625813546707154222791382807750044302 87 247362 ms 3.4 h
884 803088065397369486076587731771003279963025627370475708058252308774722957163555873070738 87 513347 ms 3.54 h
885 944355240901744975261078850411631148527821811018923242744352768627303693264014247622894 87 282680 ms 3.62 h
886 1103164194078075772316148184425278705224144838109013861689123461781640873688674008018546 88 58 ms 3.62 h
887 1287024893091088401035506215162825156094958276412029337587695845769833320205837870175134 88 920516 ms 3.87 h
888 1501781240219712205650786704830738049418021591217605701581564396903439751539132854389666 88 387680 ms 3.98 h
889 1752078326580590184367692003672052219255635529954422916627310181139756786781081809802334 88 29194 ms 3.99 h
890 2254405492234582337398634503126671262522600386041717503759002618366794868344491686914898 88 499772 ms 4.13 h
891 2631459828078270184049665203659664653810391226031107027708475525062135532621872652694702 88 20560 ms 4.14 h
892 3328705485108460898413230900883969331753186205466098701570492566204368203997822420237138 88 579290 ms 4.3 h
893 4059396933059098656601501098640554061553794705102614525812740450238440881540845355165414 88 779513 ms 4.51 h
894 4923098408178055817580544013927951072260776636720744448969163550163850381159836610590938 88 603773 ms 4.68 h
895 6837040761693355390232178697018204655302585719998935408805775100951725224598230256711462 88 48 ms 4.68 h
896 8361830782235149940756645034637876629024590836576413567984126501687603359317239587048538 88 629686 ms 4.86 h
897 10220439129762976252467156787438673533470623760633873904059764710651543133709083325149862 89 123794 ms 4.89 h
898 12726637732092884338221964412759077742011592113614595487739057095198130693832912565676378 89 300574 ms 4.97 h
899 15554779450335747524496377265491998982214231985883082207413851446365935149182714757026022 89 955851 ms 5.24 h
900 16808983353277630629673287686101831878297420319419791454680086761517328455284102439595802 89 44770 ms 5.25 h
901 21868633724994148985821263982357082933297823387352082210251529422238505511893384387924198 89 16787 ms 5.26 h
902 22162172432712191254117782676175482044423339516360849258714740923129974994174598268388602 89 855158 ms 5.49 h
903 22202357762849954515337247741575434152452790682023603621798851649728571259445994046397958 89 70 ms 5.49 h
904 26239150083368128063663691074696023655169927694987631768899072600491920947112879254395514 89 944023 ms 5.76 h
905 34247035697825899026761850329431103794025785601638640226694906526414459331632485550186886 89 489288 ms 5.89 h
906 34294634079615789087952625827407223519068609134939274497324637831729363013592048754284154 89 727461 ms 6.09 h
907 34294634079615793676108789346024054419003355028090357865293019030255796515855044191208710 89 1319089 ms 6.46 h
908 57233633786968691753243632396093952171304162157942436007904537907891735798025213117463290 89 61 ms 6.46 h
909 80127894132300410948684127451964877378596206725460017454869422889573868246537173402764550 89 13070 ms 6.46 h
910 123020014360089936790029020800450508893676464658454981052162347535809616222383527160908538 90 193868 ms 6.52 h
911 123043157999326149740229383705313729758861993106326010114536943029655126450249651425387718 90 83 ms 6.52 h
912 134135803044341637719043397409337649861524231975508593432599609515029477112609937017067322 90 660333 ms 6.7 h
913 149919561265812224776248424405320288628153129182317514631883636665623796150125871983790278 90 83026 ms 6.72 h
914 192753721627472860426605117092554657109670631311752483168309950144402981269797891392601658 90 1215382 ms 7.06 h
915 194748304905514764542712009849142908236160563336792188215826322691184529630900347463598534 90 7672 ms 7.06 h
916 194881145610120138242146571092260804056147101939319285291467206676266488939385827158704186 90 45882 ms 7.08 h
917 196398003254446126027545626217204871529295103018782161370660935650789302475475566304777286 90 119 ms 7.08 h
918 201680365189681797659729757509776882282956411185115776378065508591710733246206225534593978 90 111179 ms 7.11 h
919 249082031305385220361867539505100604277343821563898357765764800143013596101099030079565766 90 82 ms 7.11 h
920 249085549533975045763053256848504618037610283105135844459146381347554534625141690334335034 90 166800 ms 7.15 h
921 297813949258703672668355346983539541319598107745744589338717740156965904897640515753078726 90 178165 ms 7.2 h
922 307664865445073667676057808741613007812465423768027492216427866944744875361755205091332154 90 60112 ms 7.22 h
923 399461215451259794225367137444551139763528817021057720193140452820822275605985269891067846 90 105224 ms 7.25 h
924 513593581962720390771525843495130330838097128209349664494562719580859713162481147936772154 90 474300 ms 7.38 h
925 513596563018821126069071537446767561006314303181700436336264167892563230459636038775585606 90 62 ms 7.38 h
926 644027170110975893894180698849520203311154155339787481368081887284652742422976311839966394 90 125606 ms 7.42 h
927 690054733423488602531543792354719880606161042998890091298377647563926292935084385205985606 90 55822 ms 7.43 h
928 690054734243018023332035020362371297249708086496418549839099786367091646090007739751597754 90 307052 ms 7.52 h
929 690056189841267315931587052364051140334524236255233441787537386971615596885505214305716006 90 84 ms 7.52 h
930 997350086947593200457238657566939830471452642361959406681450864795418732592405380491339994 90 260918 ms 7.59 h
931 1363848470695404518715710825009339567060810648974844246631115108847968161455658687109356966 91 59 ms 7.59 h
932 1363876964048147825446194253789327897880532843696401784246826488340728870317933923794702810 91 707460 ms 7.79 h
933 2379009825572583106396528309102905953666640589180903469224114999727283280252013055602033190 91 716185 ms 7.98 h
934 4532037966511544628256559640090066025834921592176451605031263637864148356526853845771156954 91 539470 ms 8.13 h
935 5981810852034172367570983372282905931826891735476583588212424760198062300398740697171906086 91 871133 ms 8.38 h
936 7329696724738244467333442251396510645469220533258696546731327617954272856153341714236833114 91 630767 ms 8.55 h
937 9020508278953880285473776273135850547690459339491540598162641733037528673108592554543590054 91 506973 ms 8.69 h
938 11052154287727626547691018998134168333524446851633642989178928227480027160715654901056130906 92 1634722 ms 9.15 h
939 13194414527351795920660728184288551245004071040387076154467649470652615730657127394093846694 92 84 ms 9.15 h
940 15825272779879025841229449440622955220419435978848132849509812881084733736411161961245683546 92 9224 ms 9.15 h
941 21579917427107762510767431055394938936935594516611090249331563019661000549651584492607750758 92 94 ms 9.15 h
942 27926952014537741158196664264429898936564568409375045683386382353514532517580992531883853498 92 303303 ms 9.23 h
943 36739525109532299685166401977684116865799126077013199912168871312618888420145759549669093702 92 972386 ms 9.5 h
944 42862779294454349632857125108483050190453563901680617472554550698184778507756659086848282298 92 1812206 ms 10.01 h
945 51182413409167967334185403785964339533132412961521846145142771671567146127488524240723685702 92 68133 ms 10.03 h
946 66236065463604583230863095030911520976597876261001692066423308351347472862176242951305974458 92 58159 ms 10.04 h
947 77276216482167897889426923546192514330200657299918001898840474486542617829264837377511767622 92 813946 ms 10.27 h
948 105379908665598444976106033024595479934818461794068330850255961646213073406534705369146661818 93 263074 ms 10.34 h
949 144238142143224729807401095654296019875358797234245876484388247842455440690499106148138350662 93 388949 ms 10.45 h
950 196688375649851904282819675892221845284580178046698922478711247057893782759771508383825024098 93 96 ms 10.45 h
951 291143347972546194329870378993829033104925337167687708220934850490822646586666717532078975902 93 284819 ms 10.53 h
952 429834275461979941090805612468688375548125785085610976591787471856463415535400029843551114338 93 149896 ms 10.57 h
953 501473572717913344527739649151957041732349862351317805399990008730114223762640264791726634270 93 94 ms 10.57 h
954 1039562678281709286989607560505371514712693387588937983493220366504678232388277666538760269218 94 100 ms 10.57 h
955 1328026863023502767544155279616695941328612576266192425750433292572565110905066667706886706782 94 620623 ms 10.74 h
956 1648800258647671248691289341787825917555288105001574953997680243950936711592222878435840431138 94 787968 ms 10.96 h
957 1672143096749496624611792021208884302488474201465174156997308306320715186459666252210374069214 94 91 ms 10.96 h
958 2257305787894546399154589560422470551926411915484298362075834917542736559972217642798684976674 94 92 ms 10.96 h
959 2257309932234657941033831096174345742364206796176590419768988809936687875199766575168679266782 94 185301 ms 11.01 h
960 2257310071872874638847237936908186639625650529385391340918152238986553908184311471369938806050 94 613761 ms 11.18 h
961 3340818906371854465526494104134195678931783027378718687788112042988957577293734657171617113502 94 2357759 ms 11.84 h
962 3350954839014308757413581561326839273620241703476083642741788658733735329262649622982454751074 94 755136 ms 12.05 h
963 3533766900044816686648984239510316758811504022475433155432537535921950538645912190953927648926 94 317127 ms 12.14 h
964 3535895165578279105252054849923647762716946859204039923332848023633630064395108121086789376354 94 473736 ms 12.27 h
965 3535895165578416648131614143504733620937882226531330772487873785495285323636706849527018831646 94 3152197 ms 13.14 h
966 3578055106337867320451294382483241830150115246714991957073269159011657830646267503830610888930 94 85 ms 13.14 h
967 5514430136232053461021476709788038539572709705282596393226338861988561368022368903222290000670 94 662667 ms 13.33 h
968 7729323819202373377518128433244130209920228183720062721128316121884695112526699461504576910050 94 350279 ms 13.42 h
969 14504760629547266844428550026117652647882283660307534128238845409467618578474222723772694940958 95 50729 ms 13.44 h
970 14937738558788024490475430033417225553596258736668743775626770827324829226345476475559545915362 95 12101791 ms 16.8 h
971 17769714188234464420335365683963097791160850021743062800156230284261707334604270280294682392606 95 451459 ms 16.93 h
972 18095763989853445418873629274494530778156195272596292659338133217668934139228076600991916842594 95 2179495 ms 17.53 h
973 18605634620698720002833853048617989301029266140283665587081797032555280234414958117163182498206 95 6144 ms 17.53 h
974 18981683968735703397933297623443166032646179994687126323994972022406794823969277850274696205922 95 1436813 ms 17.93 h
975 18981683968735703397937306285580722297652172122849447253784190466292630354657593822450704733342 95 3328284 ms 18.86 h
976 19034486321835910573720014684683411037660175461632742258786185520588503729865948386219036220258 95 582694 ms 19.02 h
977 19074228744253869615529687891388772838424456920091070234448397016702955909253929371369531434142 95 848874 ms 19.25 h
978 19074228744253869617384665903145958051430554517449676180028861090983946535870042854172482574690 95 3831624 ms 20.32 h
979 26708363533867239893811641162539673967700898180651714765073978567381368200395342721587503498910 95 311714 ms 20.41 h
980 42324899700444540263318950229502011073630547961058170761601978474506430182031154005456370727266 95 937176 ms 20.67 h
981 52184185816375354581126718081645490467988035605457114787336740242286498243879973704932178986654 95 92 ms 20.67 h
982 52184185816883003402190411541637726502381581411667894776275977465288994460181518874117998549346 95 3643148 ms 21.68 h
983 52835393573344502847587568179289800028486465852114532108910547872609544504543837974361687287454 95 275856 ms 21.75 h
984 52835393573344502847587568179289800028486465855553517163698447415928404202100864474792409773538 95 4711119 ms 23.06 h
985 52835393573346002055438170006815600572577155695346412378337073028538256172669600543374724713822 95 4762441 ms 24.39 h
986 54918846891249789059664072926170918583110345124796194028789070700887073317784612596320018326178 95 380986 ms 24.49 h
987 65072657570032165721687077514330863281341723191079845820043012944403403255874972485326089731422 95 738420 ms 24.7 h
